Mixture	Neu	Oli	Ast	Mic	End	P-value	Correlation	RMSE
X525_120515_0	0.503144116506767	0.107554494274561	0.259877790877897	0.109693969200018	0.0197296291407562	0	0.575663845745591	0.82385831340781
X383_120503_0	0.492983171223049	0.119321873236445	0.186713044837988	0.170339487780756	0.030642422921762	0	0.610408787457544	0.790120808772923
X93_120417_0	0.540897132888327	0.105029859543998	0.138817337662059	0.204529280515541	0.0107263893900753	0	0.556065920881657	0.828560761340748
X610_120523_0	0.477029573316923	0.149280916186333	0.115973035040712	0.25457384436382	0.0031426310922128	0	0.616153142563053	0.790314986178601
X560_120517_0	0.339288286376967	0.221573979045082	0.26644859373525	0.0823936559539021	0.0902954848887988	0	0.717729751136211	0.699003917833483
X492_120515_0	0.62827113010189	0.153482044525692	0.141755400352828	0.0378269481869594	0.03866447683263	0	0.608120641502369	0.794052051114753
X576_120521_0	0.219897324789678	0.192589591317427	0.410156440189899	0.174157930348817	0.00319871335417922	0	0.796083898753763	0.618255297714796
X150_120419_0	0.602222660901287	0.165929063714262	0.143769688146455	0.0462861588804223	0.0417924283575737	0	0.593144984593062	0.804521967886436
X416_120503_0	0.50350844800954	0.0862042682686616	0.203340895152604	0.131635310595596	0.0753110779735984	0	0.581681983487363	0.81139529037001
X398_120503_0	0.211615296934476	0.347512837665302	0.326787417965394	0	0.114084447434828	0	0.813334920937867	0.592244334162216
X377_120503_0	0.622165868954917	0.0929577221793657	0.140947444849899	0.141152877200619	0.00277608681519919	0	0.5108857037446	0.858790979173645
X583_120522_0	0.368627464278695	0.20899994833369	0.30009108832746	0.0702326186890584	0.0520488803710968	0	0.660784635078376	0.75173410921887
X564_120517_1	0.521833288822089	0.183907734515367	0.230511786855453	0.063338294392056	0.000408895415034719	0	0.643249143322944	0.764503284689495
X112_120418_1	0.493271415123558	0.160609782644916	0.157757703387875	0.102825415560993	0.0855356832826584	0	0.512715002957832	0.856010538634356
X574_120521_1	0.376388901942716	0.206852073657671	0.199125195427578	0.184303887358004	0.0333299416140308	0	0.61170396064898	0.78931550988636
X44_120416_1	0.609840180345481	0.107167601860436	0.126095844225007	0.150858909156966	0.00603746441211039	0	0.560777928058665	0.825533166154459
X496_120515_1	0.466411641550215	0.154002398864947	0.220250542881451	0.148617453587023	0.0107179631163647	0	0.630681440088399	0.77437188458071
X526_120515_1	0.403560011557598	0.120992083810406	0.21676447887144	0.192379808938294	0.0663036168222611	0	0.658192717010852	0.752133178851904
X489_120515_1	0.434285720362704	0.249509455738814	0.229850465455149	0.0424543698640405	0.043899988579293	0	0.664968934620595	0.747569104125448
X480_120514_1	0.585462325884408	0.130437746709513	0.195273288704912	0.0607671084180721	0.0280595302830952	0	0.561538240341603	0.826467775136412
X470_120514_1	0.641015246547194	0.121074322884371	0.159289742242746	0.0637680504983856	0.0148526378273024	0	0.499054643747929	0.867596450540647
X188_120424_1	0.573531158674114	0.126687766846536	0.145015345777571	0.107674204496407	0.0470915242053717	0	0.597618028491732	0.801357439538611
X681_120604_1	0.687283326681987	0.131740893553774	0.0814205385556724	0.0932616366475032	0.0062936045610631	0	0.490436420508992	0.869061726411681
X522_120515_1	0.623623669625791	0.088684590114416	0.0716568005759997	0.186229953204545	0.0298049864792483	0	0.535026552838306	0.843161201337423
X477_120514_1	0.427907080942976	0.172060950085291	0.20093907429831	0.157671230446418	0.0414216642270052	0	0.618230245032897	0.784383452079966
X286_120430_1	0.634837270721327	0.122675193760645	0.150373496562936	0.0730337838312153	0.0190802551238772	0	0.61001073262748	0.791381805026036
X488_120515_1	0.47386147689627	0.242346376028039	0.102462868820935	0.176380426942867	0.00494885131188847	0	0.54277539502514	0.839053163177016
X563_120517_1	0.330347568904377	0.249170966306214	0.202623067374186	0.185415732573903	0.0324426648413191	0	0.668884008125601	0.746116788720958
X567_120521_1	0.372718395622967	0.161078858509859	0.226500036359907	0.18755862409255	0.0521440854147168	0	0.643716727822299	0.763656698405694
X363_120502_1	0.425730849723133	0.193533228974732	0.235919141035454	0.134497317548322	0.01031946271836	0	0.747976418438537	0.671462861776372
X396_120503_1	0.351207625639196	0.219613564366501	0.239529972020928	0.139752312397753	0.0498965255756224	0	0.678900260038297	0.734596493651808
X509_120515_1	0.395429836567349	0.176948934199539	0.286165508475446	0.087112747401095	0.0543429733565718	0	0.752732540482281	0.661037275583047
X593_120522_1	0.447477404813029	0.206300521281863	0.17294675117643	0.164154789510468	0.0091205332182097	0	0.593305038155559	0.80321562366562
X162_120423_1	0.536165770712345	0.171829559216067	0.161344541277279	0.130660128794309	0	0	0.597935814298178	0.799983026829107
X164_120423_1	0.511685385698824	0.136539124770705	0.287581701168526	0.0209044673074053	0.0432893210545393	0	0.596044426877075	0.810242431234797
X458_120507_1	0.397291232553335	0.133898482077276	0.266204484036517	0.151268557638403	0.0513372436944691	0	0.73374865270929	0.680904060414152
X26_120411_1	0.452526131461486	0.126092594172183	0.214432451785438	0.203640958627843	0.00330786395304906	0	0.674107318256829	0.738003125349627
X536_120516_1	0.393505329168219	0.140791569990435	0.210024518990064	0.206060542512078	0.0496180393392046	0	0.700551181797677	0.717547721710715
X81_120417_1	0.479736185781384	0.111454532768541	0.173046076267845	0.158916340952365	0.076846864229865	0	0.662333569552099	0.754115084366135
X483_120515_1	0.636521712847809	0.135407535376862	0.127529536070013	0.0922232179716448	0.00831799773367149	0	0.498762192928644	0.865244976458082
X04_120405_1	0.622931738901562	0.100087674970517	0.176017177175557	0.0516051784024681	0.0493582305498961	0	0.594882444213005	0.801680733140282
X471_120514_1	0.421680312034333	0.174871918593297	0.119485619818732	0.275624395815305	0.00833775373833188	0	0.566452523953895	0.822625480012672
X240_120426_1	0.359900233319285	0.211162724878291	0.162944313602667	0.185966302585205	0.0800264256145516	0	0.645819557570458	0.770538929679793
X388_120503_1	0.463385521276642	0.255114525346913	0.0951540946016626	0.134579843669205	0.0517660151055776	0	0.540694370462399	0.842671772434496
X64_120417_1	0.51906416413882	0.0870262754954196	0.208256716712772	0.135301395303175	0.0503514483498128	0	0.559141661286479	0.828846183482346
X260_120426_1	0.407906727584916	0.189029391106838	0.292039775234355	0.058591116766188	0.0524329893077026	0	0.677379200661626	0.735699104938143
X221_120425_1	0.413702201185374	0.153137255313919	0.243430765571024	0.0938212970595785	0.0959084808701035	0	0.680461160615699	0.73327133616939
X511_120515_1	0.344893995492448	0.299015656339637	0.188212146425722	0.0861735580296503	0.0817046437125418	0	0.672586115739111	0.750466924257181
X451_120507_1	0.499817499336441	0.114699265869954	0.158646954722899	0.176057822668477	0.0507784574022285	0	0.594345856368342	0.80280873410971
X660_120530_1	0.571973356894305	0.208859071939519	0.141144165221065	0.0505052685760021	0.0275181373691096	0	0.539629744750956	0.839425392743596
X578_120521_1	0.380680077932376	0.146633155901139	0.184909924931558	0.236233412699752	0.0515434285351748	0	0.578943808142969	0.812912695846576
X495_120515_1	0.415657796445078	0.139513861710702	0.206421520903923	0.173242862061777	0.0651639588785197	0	0.60758320436826	0.792144599126943
X520_120515_1	0.54704773069235	0.174118607263666	0.23834783729339	0.0279881744684498	0.0124976502821441	0	0.556694687841397	0.834613884878012
X68_120417_1	0.566652130062411	0.161244741558741	0.148448712935905	0.118387506475553	0.00526690896739041	0	0.587382621910977	0.807670539255941
X125_120419_1	0.496053291058157	0.0576741882784751	0.195989133612541	0.227602679071037	0.0226807079797899	0	0.577383897524998	0.815527262531378
X47_120416_1	0.449295695571402	0.221498164520245	0.118821890684485	0.142500844603822	0.0678834046200463	0	0.568487628149708	0.824972733943284
X565_120517_1	0.40449693401038	0.211925212363317	0.309950292888911	0.0467325548115467	0.0268950059258453	0	0.721361001153829	0.693402024251603
X632_120524_1	0.276620453596345	0.279730667956797	0.224093288669811	0.184371807312068	0.0351837824649796	0	0.664376995530109	0.747692880788913
X274_120430_1	0.270490493643374	0.178056831861473	0.23480308290586	0.27130227542856	0.0453473161607335	0	0.669989471118024	0.740816896278753
X434_120507_1	0.349901711550636	0.183099344001336	0.252848435829386	0.176510044145044	0.0376404644735975	0	0.675673646887924	0.736097564455356
X74_120417_1	0.617000478225786	0.0930821955545931	0.176157920438019	0.0783801030750604	0.0353793027065418	0	0.552448768459313	0.832089509611444
X473_120514_1	0.405474630253295	0.18877474167535	0.2313845214471	0.153918974652784	0.0204471319714717	0	0.628071712465621	0.776542755460862
X541_120516_1	0.388491080001321	0.135940641027778	0.283304516085133	0.152589593589076	0.0396741692966921	0	0.700835888576571	0.712810700130057
X666_120530_1	0.344918274811087	0.169013967964727	0.185542654582484	0.251432878766895	0.0490922238748072	0	0.65004080726379	0.760832077044104
X25_120411_1	0.506077376802564	0.0709802225408669	0.154015009908074	0.203247239777779	0.0656801509707171	0	0.517906116997331	0.85354554477214
X626_120524_1	0.445117730460681	0.149863387617456	0.286661136275315	0.077008137155699	0.0413496084908488	0	0.707873652706778	0.706255104317729
X403_120503_1	0.345836055875179	0.154637103031657	0.257743882689368	0.177481829326969	0.0643011290768266	0	0.678465279332669	0.733448538725882
X494_120515_1	0.22639981191952	0.419034519010321	0.123945910331589	0.136369343688164	0.0942504150504068	0	0.641846788372689	0.787827308929996
X722_120531_1	0.567082520483252	0.114200677576271	0.202834362669676	0.0505823359996942	0.0653001032711072	0	0.622568162022795	0.780936157464199
X547_120516_1	0.531992550316351	0.195895402793794	0.135466538673075	0.102261326753848	0.0343841814629316	0	0.5106852036659	0.857135178606286
X559_120517_1	0.585936207581774	0.184002886722612	0.130864234756422	0.0904111783240118	0.00878549261518008	0	0.511285427685322	0.857014510446698
X32_120416_1	0.52680311364356	0.10734659814903	0.291698370209653	0.0386890240446608	0.0354628939530957	0	0.679361642226831	0.735184870251751
X502_120515_1	0.613754700005708	0.122901789118316	0.107812887073103	0.154820141036523	0.00071048276635048	0	0.499416795279699	0.864109659349374
X702_120605_1	0.544709758871161	0.231422469078111	0.189766088278369	0.00327604119798653	0.0308256425743721	0	0.610158884577472	0.791068540917459
X375_120502_1	0.273315505063439	0.147266798102555	0.224549440774772	0.249056586572759	0.105811669486474	0	0.689345562777329	0.725957034614892
X280_120430_1	0.427880560800355	0.114217658505491	0.245188350403507	0.135808093758486	0.0769053365321618	0	0.638943385683819	0.767636397478593
X596_120522_1	0.672580758614295	0.16357646363044	0.065696423560221	0.0778470652257763	0.0202992889692687	0	0.440241689843334	0.896489102327585
X662_120530_1	0.439283358023575	0.220794584754199	0.205691407972964	0.0696656332460622	0.0645650160031992	0	0.640363305660283	0.768788161175882
X663_120530_1	0.443580909680063	0.151899239273493	0.231716285918078	0.0801446379591936	0.0926589271691722	0	0.709211260674624	0.710089616595784
X399_120503_1	0.54910797488431	0.188349532188782	0.200648290860099	0.0155127384591318	0.0463814636076774	0	0.6016567224211	0.796946800106977
X266_120430_1	0.408970162399739	0.203193794460009	0.188235309519851	0.199448821077137	0.000151912543264262	0	0.669302729865363	0.745438211927498
X595_120522_1	0.426935219988517	0.206624081910371	0.20091074567385	0.0865515151184566	0.0789784373088052	0	0.644381866421742	0.766482410879241
X510_120515_1	0.341043387813536	0.314752067388153	0.19315514983992	0.080990986434856	0.0700584085235349	0	0.60605845093218	0.795639640214132
X384_120503_1	0.31612325669822	0.305451686828111	0.236498459151583	0.110918833262233	0.0310077640598532	0	0.677544259979109	0.73674730367539
X426_120507_1	0.630763769437432	0.156755660139837	0.192067393900873	0.00809376146360018	0.012319415058258	0	0.576700356674941	0.815707727571677
X516_120515_1	0.520287303932575	0.179504895613557	0.207980055083861	0.0569306083165119	0.0352971370534947	0	0.624229040956392	0.779818470512893
X206_120424_1	0.5357638620382	0.198571330677354	0.194179860922782	0.0222450909900749	0.049239855371589	0	0.638008625101514	0.770406713182314
X664_120530_1	0.464756776416742	0.122912547497126	0.162713555397581	0.184257420256664	0.0653597004318873	0	0.643807871819065	0.768630847412935
X332_120501_1	0.618425919129117	0.115402300504215	0.164712243861003	0.101459536505665	0	0	0.561613915547704	0.825468260764904
X430_120507_1	0.596517093799609	0.167579697319569	0.0822430999293939	0.0970052278806401	0.0566548810707876	0	0.511987268409046	0.85715841974425
X83_120417_1	0.442142055205731	0.06729851935002	0.165020543438866	0.258743668395105	0.0667952136102785	0	0.528079993575211	0.847660495536029
X136_120419_1	0.486409792048558	0.130208756726916	0.167633443914102	0.148896492334812	0.0668515149756121	0	0.558290917807914	0.827147976297022
X54_120417_1	0.427976791425946	0.140536982525882	0.285901593176014	0.0987853473995279	0.0467992854726302	0	0.700732544032555	0.713119001246637
X718_120531_1	0.422254239264009	0.103629998090203	0.169200412324974	0.280145461371046	0.0247698889497676	0	0.617062495582014	0.785084621580854
X528_120515_1	0.516639165155555	0.128985879328906	0.17771369660062	0.145785880822025	0.0308753780928939	0	0.605106650559256	0.794347129161764
X356_120501_1	0.641583764870652	0.0696090208019477	0.181823256110699	0.104415387728602	0.00256857048809917	0	0.595721690274904	0.801407130868916
X532_120516_1	0.236863366250798	0.325407989223213	0.313789982391674	0.102615481466972	0.0213231806673424	0	0.675783002952437	0.738866002990188
X588_120522_1	0.460835467885351	0.158373370002764	0.233632463842196	0.114314576669108	0.0328441216005804	0	0.65411454540406	0.755181010789357
X380_120503_1	0.218375501745775	0.11948334418151	0.31868517483846	0.343455979234256	0	0	0.634026572259687	0.791647198394935
X252_120426_1	0.375013321551543	0.161952029710078	0.214948436647012	0.210938066101078	0.0371481459902886	0	0.678380171067075	0.735459331540716
X631_120524_1	0.575061668140656	0.131927122161876	0.168126256531292	0.0988100267863338	0.026074926379842	0	0.55957586775085	0.826514878247938
X304_120430_1	0.33485723076386	0.168080442904503	0.269782131327123	0.183029529757776	0.0442506652467377	0	0.700257317303758	0.713129542121594
X693_120605_1	0.604897906701006	0.0909364696232656	0.155935441004482	0.146811376395924	0.00141880627532142	0	0.531166768566724	0.846211115652868
X498_120515_1	0.521858100068456	0.158681980864883	0.133303588234588	0.174920059915157	0.0112362709169165	0	0.529114345363609	0.845916593610983
X354_120501_2	0.506408117083673	0.133828222748438	0.149055425118828	0.135354951165274	0.0753532838837885	0	0.628850480703901	0.781663165253874
X368_120502_2	0.496442667967899	0.0917648222282224	0.214312016766353	0.196141918941495	0.00133857409603045	0	0.66556115525832	0.745022817368643
X452_120507_2	0.462837822230817	0.26831614107445	0.170884930209355	0.0345769350502774	0.0633841714350998	0	0.658367923040393	0.761349857281882
X166_120423_2	0.328835093103111	0.165911418581934	0.227190413244557	0.230869592029419	0.0471934830409799	0	0.691934636109808	0.722716688987235
X590_120522_2	0.425540919338255	0.124249495177124	0.215062263286604	0.174720493706258	0.0604268284917588	0	0.633541942122296	0.771986031948216
X28_120411_2	0.524127281501279	0.119808519108982	0.192205998313298	0.157582831860506	0.00627536921593474	0	0.580747156818146	0.812384616357144
X500_120515_2	0.0380449863847016	0.112677076304813	0.399401754183543	0.449876183126942	0	0	0.832455141262753	0.572571028147232
X284_120430_2	0.296777610879983	0.141998839633139	0.303001143165794	0.258222406321084	0	0	0.734939047347286	0.678603149981715
X524_120515_2	0.480731544063024	0.13342389847267	0.265872017501073	0.0864740982057608	0.0334984417574724	0	0.691555814527621	0.721793791206998
X684_120604_2	0.428832786483992	0.165733188244402	0.227714270555997	0.129041408285664	0.0486783464299457	0	0.677051836805833	0.736484600151809
X238_120426_2	0.282171619277431	0.159861776406991	0.323047017044545	0.174862430645477	0.0600571566255555	0	0.781207945978596	0.625456464477359
X550_120517_2	0.288503465325424	0.236815148864289	0.18224976426185	0.236963729972937	0.0554678915755008	0	0.706310917994926	0.720451677765451
X647_120529_2	0.496967292376689	0.0669260219195975	0.266001776962587	0.130782991950806	0.0393219167903197	0	0.667040215555206	0.744718633838829
X634_120524_2	0.609284548795136	0.193923343909787	0.140899132764359	0.0169018661629821	0.0389911083677363	0	0.581292231481784	0.812581041049044
X602_120523_2	0.424249003445737	0.208237627171504	0.210472318299139	0.131296568225824	0.0257444828577959	0	0.673929073809476	0.740800998448419
X551_120517_2	0.520921750843886	0.115637226749899	0.185391080562029	0.139645702811112	0.0384042390330738	0	0.599662613040729	0.798131248788543
X653_120529_2	0.447138585657592	0.132170618913276	0.266160219433598	0.149017394199572	0.00551318179596229	0	0.726587532159788	0.687419140113523
X30_120416_2	0.501471691459468	0.147636077526716	0.198753661794648	0.147628115851169	0.00451045336800001	0	0.606201517824403	0.793345546641765
X572_120521_2	0.193343799376597	0.356738844590738	0.213169584242567	0.21774822052006	0.0189995512700385	0	0.620836118178297	0.782145189551418
X466_120514_2	0.410212228031592	0.130171816804967	0.185360046083527	0.191060588073094	0.0831953210068212	0	0.648057357461844	0.763549601937624
X669_120530_2	0.372973340288499	0.173116793960863	0.378869389686985	0.0747850452906868	0.000255430772965583	0	0.814687131006513	0.585234575435547
X444_120507_2	0.268971503865299	0.203456291119077	0.289668335298867	0.176485662888244	0.0614182068285125	0	0.773460476458537	0.637746851475356
X405_120503_2	0.574118246185073	0.140002266866481	0.181265505315703	0.0961126806735871	0.00850130095915527	0	0.508851160749352	0.862489824127842
X680_120604_2	0.28973307472304	0.327772372770588	0.283888354456217	0.01037419697824	0.0882320010719149	0	0.74394176634915	0.673801184983694
X456_120507_2	0.30593518249869	0.269077831512112	0.289250807077656	0.117364179679162	0.0183719992323808	0	0.78250349078623	0.628949659245235
X154_120423_2	0.320633273716377	0.18778880331617	0.289772559049641	0.165087566203252	0.0367177977145602	0	0.769005143199921	0.642122286374129
X122_120418_2	0.427337268179115	0.138401673038698	0.198681273204112	0.231500531753173	0.00407925382490203	0	0.721708747146723	0.698552469817109
X591_120522_2	0.543955754803637	0.133199400317102	0.248002923991822	0.0705428994997827	0.00429902138765721	0	0.661125681035222	0.749575606907361
X254_120426_2	0.220433996288429	0.178909475677808	0.255623155649672	0.286170446733803	0.0588629256502873	0	0.72125521202203	0.692501933319459
X629_120524_2	0.267936313239177	0.209395945495656	0.235220813224027	0.28744692804114	0	0	0.73073432036685	0.684639753715565
X80_120417_2	0.415207453107698	0.0745356870481065	0.179102970663025	0.309270327822201	0.0218835613589693	0	0.595276412518028	0.80123733512974
X713_120531_2	0.446921702719831	0.107425836993584	0.207674701998162	0.185639929370324	0.0523378289180988	0	0.59936128562757	0.798392211855635
X126_120419_2	0.394445871977158	0.125310286820596	0.194078547401668	0.280958144547488	0.00520714925309039	0	0.695620228254088	0.720475127563801
X638_120524_2	0.414308189195458	0.172912248121619	0.204917885721844	0.152840820130582	0.0550208568304964	0	0.694659922430304	0.725063178759362
X540_120516_2	0.215809816339655	0.268062125332016	0.160879296259619	0.247514351198803	0.107734410869907	0	0.676795278295916	0.750673593014438
X77_120417_2	0.29994655212548	0.144342008381289	0.19669296850223	0.30408594614969	0.0549325248413105	0	0.642856936056404	0.764493326568194
X296_120430_2	0.584452778275021	0.12053144353753	0.167541616344035	0.082011305735642	0.0454628561077732	0	0.613153563677933	0.789018233115998
X141_120419_2	0.474306989765135	0.155257939303067	0.152866788167354	0.211227793266359	0.00634048949808414	0	0.564352922398111	0.82304836582457
X507_120515_2	0.114065375847362	0.268722209287825	0.318448743125029	0.289066797236587	0.00969687450319684	0	0.833365094358295	0.556522702485593
X544_120516_2	0.186985420059311	0.175074412146653	0.266648446472577	0.290355652869183	0.0809360684522764	0	0.774862422179821	0.636519836405529
X580_120521_2	0.355003819672113	0.228034937724867	0.229021832649652	0.149636025185922	0.0383033847674464	0	0.783307300107696	0.642513960769813
X12_120410_2	0.304187301324114	0.158002074928294	0.224455523798821	0.213284426183553	0.100070673765217	0	0.714499138396347	0.705487229356329
X113_120418_2	0.510305290345423	0.084933556643368	0.119895765055234	0.231356797806238	0.0535085901497366	0	0.504611090645972	0.860835552157938
X449_120507_2	0.461472725579449	0.12703513979348	0.253040645988022	0.154731850730997	0.0037196379080516	0	0.604383039275707	0.798993111323829
X191_120424_2	0.365144356914078	0.0385327544901347	0.176836000291073	0.330718590944649	0.088768297360065	0	0.592286267870023	0.80321410826629
X575_120521_2	0.523589595769812	0.184115247104132	0.165641208339315	0.104135294824204	0.022518653962537	0	0.584421540292503	0.809613919740026
X220_120425_2	0.567529414344376	0.157838822315031	0.140347709206826	0.134284054133768	0	0	0.530083474897385	0.845545696672059
X482_120514_2	0.338484365067784	0.100065370687497	0.265209928370306	0.253681538180588	0.0425587976938245	0	0.702984142426894	0.709998023375532
X724_120605_2	0.142985888198162	0.236753215512548	0.370146867393992	0.250114028895298	0	0	0.831322676148665	0.55909180277314
X673_120530_2	0.412618675548584	0.210373360952907	0.24784818264764	0.118461587674398	0.0106981931764703	0	0.736653592387802	0.680863627873725
X285_120430_2	0.501669578518733	0.13996733149081	0.164398944789267	0.182890839434074	0.0110733057671162	0	0.617336215136786	0.785837635378524
X138_120419_2	0.531612431749559	0.116013632097541	0.110254747108473	0.242119189044426	0	0	0.497507400717041	0.865334911037825
X633_120524_2	0.333685564217187	0.22353806082352	0.233890600646383	0.157462932855281	0.0514228414576295	0	0.685917791704292	0.729079902494085
X129_120419_2	0.39229290922297	0.1442896642306	0.254641925880383	0.17556995245307	0.0332055482129768	0	0.598991143733154	0.802287943732754
X604_120523_2	0.50359406850022	0.191019754469074	0.159019805187178	0.106712489551037	0.0396538822924911	0	0.637313505271695	0.774463569097769
X45_120416_2	0.314933349143492	0.16011189140957	0.24718983436579	0.238117961422081	0.0396469636590671	0	0.705461875054939	0.708570289042427
X299_120430_2	0.305865502268091	0.167056537891323	0.272288933487211	0.211214636694016	0.0435743896593583	0	0.771243773721632	0.640935580856644
X203_120424_2	0.329115965722147	0.282900417081027	0.286254389882733	0.0451762700812719	0.0565529572328219	0	0.776858963276527	0.638200617554499
X513_120515_2	0.502888383036584	0.162257332201902	0.255199786712908	0.0736910777098039	0.00596342033880188	0	0.712063770904441	0.702783901574469
X131_120419_2	0.406006932154227	0.153003580063314	0.177330523307852	0.204286785521274	0.0593721789533327	0	0.658785099631957	0.756142269722642
X418_120507_2	0.400497465536383	0.208898447043737	0.265691156053747	0.0156646013224346	0.109248330043699	0	0.756139053205702	0.663829241223637
X378_120503_2	0.427375925789483	0.115340674050182	0.240073447436911	0.124051722738553	0.0931582299848709	0	0.739789670134117	0.680087416281258
X39_120416_2	0.441784780463151	0.0717721481221293	0.197275029841393	0.223470343307016	0.0656976982663105	0	0.605336451136626	0.793650258733795
X300_120430_2	0.451888062570449	0.199915972059837	0.110724392178944	0.172982960327082	0.0644886128636884	0	0.553626010426361	0.833635302806678
X02_120405_2	0.565931498632877	0.154378731424029	0.091489019080138	0.166239433684628	0.0219613171783284	0	0.488731615191914	0.869722853604243
X534_120516_2	0.185280508191668	0.33914271489085	0.336604981723386	0.116956702524347	0.0220150926697488	0	0.8190968804627	0.578888585730848
X01_120405_2	0.0891368548748158	0.281728534988191	0.215977662973019	0.408695592375332	0.00446135478864276	0	0.82329779357597	0.586460155719583
X390_120503_2	0.636450671252765	0.0999737414301343	0.106064080054328	0.0975490887482793	0.0599624185144926	0	0.535723691849754	0.842068024973956
X607_120523_2	0.347072730273939	0.253995320623257	0.238084151122228	0.0697670934806708	0.0910807044999054	0	0.667958199076511	0.745489129577583
X104_120418_2	0.285171552285082	0.298615600211096	0.372222225438376	0.00584053987464738	0.0381500821907997	0	0.7820586802135	0.626971981281808
X605_120523_2	0.433928705545998	0.108064762673014	0.177039235056175	0.263933063263326	0.0170342334614874	0	0.619866750083198	0.782752042087702
X700_120605_2	0.435015698686562	0.140058151582776	0.234457242629425	0.190468907101237	0	0	0.693602627939818	0.720023558381516
X277_120430_2	0.493938657241398	0.142673776731376	0.115325924879901	0.193021243493545	0.0550403976537796	0	0.510281189831317	0.857367239002439
X443_120507_2	0.363336323658747	0.132845956027863	0.146424144463347	0.285434053290566	0.0719595225594773	0	0.571946152596497	0.818397639789789
X468_120514_2	0.498364391359302	0.179550800247976	0.172510157934192	0.141633153676828	0.00794149678170242	0	0.65811403676076	0.756020383164175
X213_120425_2	0.508585741173278	0.134953266886278	0.294648271192169	0.0323833785637933	0.029429342184482	0	0.710428717245938	0.704343382099723
X326_120501_2	0.433915324476654	0.230531016960038	0.214474948002725	0.0199804216680998	0.101098288892484	0	0.638654430985965	0.77029174146227
X484_120515_2	0.464662221882001	0.281620661533455	0.118013305177494	0.123865298534578	0.0118385128724716	0	0.585954454389841	0.813326373638923
X614_120523_2	0.53528557860899	0.107925176587335	0.146284894093358	0.166195673527257	0.0443086771830591	0	0.60688731469732	0.794729818929153
X530_120515_2	0.227937527402775	0.353444093417417	0.307701075647556	0	0.110917303532252	0	0.710515217656104	0.704132805478798
X431_120507_2	0.419875986376949	0.195393378543616	0.153146435331997	0.206294369028413	0.0252898307190243	0	0.639562483632548	0.772804907494853
X557_120517_2	0.280142494450153	0.135019478795862	0.275956987134476	0.221606904598538	0.0872741350209714	0	0.643106755370769	0.765709060152864
X294_120430_2	0.439391186808862	0.118442884067012	0.177982778156879	0.264136021196791	4.71297704564927e-05	0	0.701147066333273	0.717982057652401
X200_120424_2	0.288647063689599	0.249833637666614	0.248729476972051	0.0973175855770854	0.115472236094651	0	0.686006773408344	0.729804623051304
X101_120418_2	0.423907515486848	0.10806752681446	0.160834514626961	0.244113867188857	0.0630765758828731	0	0.602216687181696	0.797126475351283
X599_120523_2	0.34393032341958	0.160527031860983	0.2843527442015	0.205496247140367	0.00569365337756974	0	0.7384156729829	0.674392593871205
X450_120507_2	0.369554637335548	0.100997834117752	0.30354800532899	0.163583482559372	0.0623160406583365	0	0.779637923244367	0.628104396341505
X250_120426_2	0.450617381068016	0.141232284686442	0.239657016816099	0.0870659323191685	0.0814273851102741	0	0.729621388050827	0.689966813346001
X517_120515_2	0.488515428437759	0.114365230701335	0.27251653745969	0.0490128854941273	0.0755899179070886	0	0.728899800878113	0.685891525245386
X244_120426_2	0.251530322580129	0.283436869357552	0.22202460129417	0.210825296826893	0.032182909941255	0	0.622882604028178	0.780402031379937
X21_120411_3	0.400119557055224	0.244348322370704	0.139706115337755	0.158373650586748	0.0574523546495694	0	0.577090670864315	0.81776078640589
X76_120417_3	0.284816999376902	0.336364212832964	0.164726042695563	0.100216450924992	0.113876294169578	0	0.727639030437147	0.722857463816546
X531_120516_3	0.396465325845334	0.290739035840365	0.133330524977036	0.171560404010201	0.00790470932706407	0	0.623957382837483	0.787844246361665
X408_120503_3	0.398920788508487	0.109156460654536	0.237399922766108	0.213400546580792	0.0411222814900772	0	0.75031254659919	0.666655823684823
X613_120523_3	0.265450459757532	0.182404554690817	0.289258360178655	0.258077967952373	0.0048086574206223	0	0.632182217112214	0.78043462500757
X554_120517_3	0.472770403638934	0.2470264230536	0.13087497858042	0.132373944331775	0.0169542503952712	0	0.594656862739499	0.806171482664448
X577_120521_3	0.450281598967449	0.128568115091377	0.110667942492951	0.272901862013656	0.0375804814345669	0	0.598336654258755	0.803300771699379
X461_120514_3	0.480071713023488	0.15641633671583	0.168395475786098	0.176300721274128	0.0188157532004564	0	0.639185400422473	0.770254722716032
X179_120424_3	0.544592974920099	0.10733245063604	0.186422908475262	0.151306397446004	0.0103452685225947	0	0.607751025319315	0.792044624029294
X202_120424_3	0.509159047879856	0.215529662497166	0.187206026049663	0.0672486657945592	0.0208565977787558	0	0.629994930129584	0.776601973745183
X445_120507_3	0.249648120517554	0.250447750045949	0.381715383513043	0.0732119981202618	0.0449767478031921	0	0.802791479271671	0.600225029336579
X553_120517_3	0.169942929904084	0.251706078509678	0.332513347981589	0.190069060694029	0.0557685829106206	0	0.79928709486976	0.602928699461772
X695_120605_3	0.566163666333752	0.128446407325901	0.222780688859658	0.0429352422028955	0.0396739952777931	0	0.640709953849257	0.766389928596315
X678_120604_3	0.344907581386016	0.178802747275074	0.212368818628615	0.18469360915947	0.0792272435508249	0	0.77186765679081	0.658860340825139
X288_120430_3	0.413695532027688	0.301237188170202	0.123862413485058	0.156744245839391	0.00446062047766116	0	0.587273025847855	0.811992854959885
X34_120416_3	0.390481491467723	0.205161025906163	0.219252869479345	0.180352294981458	0.00475231816531073	0	0.643608680103501	0.763932378749511
X636_120524_3	0.455640096980974	0.212358859223823	0.176213599006025	0.061962793790059	0.0938246509991197	0	0.668153321265994	0.75397897257549
X587_120522_3	0.463401466014688	0.236522366359607	0.153918595223336	0.137493625239376	0.00866394716299289	0	0.604523432801782	0.797109297755058
X204_120424_3	0.231995413549857	0.214959187638021	0.399607120076841	0.153438278735282	0	0	0.807294342833981	0.598781267425446
X539_120516_3	0.340261770391204	0.188644849474346	0.193404481945896	0.20687534123387	0.0708135569546839	0	0.692732014525129	0.729057240526686
X493_120515_3	0.218129428595751	0.370680418936292	0.279153399258961	0.0901616015690843	0.0418751516399115	0	0.709511960777259	0.705638824176283
X472_120514_3	0.342914464355561	0.223667655705975	0.194225077865341	0.182206773559335	0.0569860285137887	0	0.67457810883813	0.743581564974151
X699_120605_3	0.435496763660231	0.301645160721775	0.146000029295681	0.0409882222056382	0.0758698241166749	0	0.663568840440366	0.765160293533562
X548_120516_3	0.423045763159082	0.227566831763492	0.157747833191003	0.189374409931672	0.00226516195475151	0	0.618905498099657	0.786426485746668
X140_120419_3	0.458085289864972	0.103279442437549	0.126313702746216	0.28919320131189	0.0231283636393727	0	0.70803441203975	0.723036517385065
X298_120430_3	0.396517961900903	0.2451275324272	0.164276700633122	0.173435446592275	0.0206423584464992	0	0.647133263708754	0.767281929642686
X619_120524_3	0.285437969817431	0.324994233893776	0.305429342485502	0.0800447039610622	0.00409374984222843	0	0.742772893199576	0.670938064077028
X103_120418_3	0.446679572014988	0.14558177697506	0.19760569246962	0.199622698206967	0.0105102603333641	0	0.721552371984616	0.700039948858875
X33_120416_3	0.511347842517338	0.202089641399044	0.127573578599926	0.143893888723724	0.015095048759967	0	0.620791054427011	0.788560365806669
X270_120430_3	0.420352519244576	0.127848796604681	0.187547361301726	0.245040060451481	0.0192112623975366	0	0.663207291597711	0.748955678324867
X616_120524_3	0.477566973374418	0.142777792917808	0.169469508265461	0.160646187995893	0.0495395374464189	0	0.602897458817552	0.796717032412787
X353_120501_3	0.231317113639147	0.169885793465966	0.239116380622168	0.30374901179626	0.0559317004764596	0	0.600289811807068	0.799921004673112
X349_120501_3	0.454194309482622	0.12997045799779	0.142187914318356	0.21346733490802	0.0601799832932123	0	0.592299188736939	0.80564794501692
X56_120417_3	0.354868469600789	0.263816788203046	0.183967601538478	0.173111328301375	0.0242358123563133	0	0.712786844554682	0.715640543807165
X459_120514_3	0.385020432441814	0.289071545492789	0.199538171222228	0.0448197625145118	0.0815500883286577	0	0.763072079270851	0.678473467477871
X386_120503_3	0.430296005946543	0.101500769802568	0.20260560416574	0.258624946706185	0.00697267337896385	0	0.660425335927107	0.749506056157593
X283_120430_3	0.621033331437701	0.0823839324717289	0.102181004358319	0.19042889554063	0.00397283619162075	0	0.470536792788647	0.881783754530524
X506_120515_3	0.354390880981866	0.184139823424782	0.157362751305583	0.274376745031179	0.0297297992565902	0	0.601190764503399	0.797979179103084
X657_120529_3	0.572849838597638	0.244568263170532	0.0478517726557844	0.0943526646315988	0.0403774609444466	0	0.437236512312188	0.896710948528895
X625_120524_3	0.454452308671154	0.226112124655618	0.133055739991963	0.127102132113123	0.0592776945681412	0	0.5633921630579	0.826361284647441
X707_120531_3	0.434640253768031	0.286737621335275	0.226444981805926	0.0442167603070635	0.00796038278370404	0	0.739720726985623	0.683967530895177
X419_120507_3	0.308112177534204	0.195847805629171	0.170712159132064	0.225894497193594	0.0994333605109672	0	0.706432774384574	0.725640964782062
X340_120501_3	0.527138671798616	0.200467422538431	0.0759464526835816	0.106427621947196	0.0900198310321754	0	0.52587784806877	0.852168891297894
X69_120417_3	0.384349672603873	0.219206817689505	0.19225617952443	0.197416650523921	0.0067706796582715	0	0.667278596781013	0.747112880891585
X476_120514_3	0.240061153789035	0.371117185094748	0.169964389335272	0.167692350080884	0.0511649217000615	0	0.677593035659839	0.749128044675946
X130_120419_3	0.52179345402225	0.101962045229559	0.152536997409014	0.216546358912575	0.00716114442660159	0	0.526847828779752	0.848452747694337
X698_120605_3	0.528948471425017	0.13696114996271	0.243192014538022	0.0849937431198628	0.0059046209543879	0	0.723808430675445	0.691971362937455
X369_120502_3	0.585015782907772	0.111800551437976	0.217020979483439	0.0613572616793401	0.0248054244914726	0	0.586245537341658	0.809851442178346
X568_120521_3	0.187160113325744	0.440689460631974	0.269616611129355	0.0226587954698668	0.0798750194430606	0	0.668048384123614	0.743964273513543
X705_120605_3	0.434026084727182	0.23594874754866	0.227719467585978	0.0949547845593141	0.00735091557886552	0	0.718662762849732	0.700929149086115
X630_120524_3	0.310335729038999	0.367015626327284	0.182846685448958	0.119175830955106	0.0206261282296537	0	0.672139868175539	0.749305435737651
X649_120529_3	0.362550700657886	0.150191182778154	0.316512197884935	0.112460005010242	0.0582859136687835	0	0.699960071516322	0.715497326108735
X697_120605_3	0.366816972829861	0.293351250354329	0.173108120216729	0.0562091951321546	0.110514461466926	0	0.726857016513509	0.718583439398591
X694_120605_3	0.258112845070126	0.264353130294211	0.28000740445202	0.197526620183643	0	0	0.747550225381566	0.665607128996032
X393_120503_3	0.372232571275304	0.167373628435062	0.233152347446295	0.176117933430979	0.0511235194123597	0	0.698647233431947	0.717165510115895
X665_120530_3	0.235176702010639	0.292155224323973	0.298399562622849	0.111380313223955	0.0628881978185843	0	0.691452138934568	0.721963716278131
X711_120531_3	0.388053143632341	0.258412597696292	0.238220077550817	0.0339257325623979	0.0813884485581522	0	0.65587547860877	0.755083673429686
X316_120501_3	0.626343681227805	0.117174012841434	0.137378007884772	0.0749643484415765	0.0441399496044119	0	0.622529240449663	0.78426648268636
X491_120515_3	0.408054111174405	0.265922892126852	0.159075923286137	0.155173775136765	0.0117732982758405	0	0.697384441009094	0.732638268303051
X668_120530_3	0.349366228585261	0.135345127270158	0.33457204733318	0.159027275823967	0.0216893209874336	0	0.795866067251764	0.607348484956111
X420_120507_3	0.292886467230148	0.272153643457188	0.22441760589151	0.210542283421154	0	0	0.72214023512053	0.697089908296577
X671_120530_3	0.352505746938166	0.182026205546159	0.219645636211484	0.176068398748517	0.0697540125556747	0	0.683017981871976	0.73281845820149
X481_120514_3	0.517895491878353	0.170748503505533	0.12483928927352	0.176961486852564	0.00955522849002979	0	0.664979949570597	0.75792398595893
X15_120410_3	0.378201189110883	0.235575919486983	0.207788354330715	0.178434537071419	0	0	0.661133668985391	0.750638108620176
X685_120604_3	0.475413257709989	0.280384193919982	0.1360877591961	0.0854239819918781	0.0226908071820507	0	0.661305026514267	0.763757875898946
X555_120517_3	0.397181093952033	0.158147736770457	0.333486194627162	0.0696263219267533	0.0415586527235949	0	0.794719059198724	0.609668643564629
X66_120417_3	0.581717362639475	0.13644015449031	0.115780805390406	0.156717356147552	0.00934432133225667	0	0.515561786900053	0.854219547871062
X462_120514_3	0.467109162719292	0.139573193581779	0.151583024454403	0.169610796729627	0.0721238225148982	0	0.593390355479187	0.804903917181602
X643_120524_3	0.375326806733713	0.253803256375056	0.134764721068699	0.141832623135387	0.0942725926871446	0	0.685381771286985	0.754821926294732
X679_120604_3	0.558102079368299	0.191295428967124	0.159126123638797	0.0892601905749373	0.00221617745084267	0	0.623853278330214	0.782076497965709
X255_120426_3	0.493440154058283	0.181767857214418	0.218446299151485	0.103872793568498	0.00247289600731532	0	0.644056732976492	0.763747725495478
X515_120515_3	0.655781744346507	0.0856655385753423	0.147670739644425	0.0309015194791192	0.0799804579546071	0	0.560518738879639	0.825658201285793
X414_120503_3	0.476342101616366	0.155890529647907	0.205644700390825	0.0949273444539697	0.0671953238909315	0	0.640716500176818	0.767548278091459
X708_120531_3	0.457884104775779	0.13240008736341	0.179691090342243	0.190687416853881	0.0393373006646875	0	0.615084147572464	0.787079556370091
X321_120501_3	0.479517813294386	0.111678163216264	0.189038785316111	0.175223322598845	0.0445419155743943	0	0.633327855392123	0.772920988638728
X402_120503_3	0.432134066322875	0.296590557245787	0.174803821537605	0.069400683837341	0.0270708710563917	0	0.653362278168725	0.763169192941031
X292_120430_3	0.286562024915344	0.344280985025522	0.242155325149208	0.0604456962265669	0.0665559686833591	0	0.702901022712565	0.716788119807249
X389_120503_3	0.514893585121108	0.135832602949172	0.144559566181777	0.149862582536846	0.054851663211097	0	0.521703282959191	0.850514984592191
X674_120530_3	0.258820552760555	0.149013975655378	0.352042666261909	0.182043985278944	0.0580788200432141	0	0.816908131093745	0.578876231913063
X279_120430_3	0.389556764018319	0.143552566490064	0.193919296258875	0.203345523254347	0.0696258499783953	0	0.668220155604581	0.746866070234341
X487_120515_3	0.592217640597934	0.0397812189403741	0.166241939360132	0.191592881498963	0.0101663196025971	0	0.604139301380194	0.794573310473172
X193_120424_3	0.52642312342936	0.184808994832058	0.11015903611218	0.159392487288209	0.0192163583381926	0	0.498270294529069	0.864298128663644
X153_120423_3	0.441227986225107	0.16589005036881	0.223393753414552	0.169488209991531	0	0	0.719625666997085	0.698096729975368
X75_120417_3	0.421029825422661	0.134310002151381	0.259005157261255	0.180145452019265	0.00550956314543873	0	0.642772161502772	0.766238247923196
X413_120503_3	0.393424400084003	0.180262706260234	0.140850481655948	0.197815261544679	0.087647150455136	0	0.579715492017037	0.8157294814775
X35_120416_3	0.426802640187831	0.0821474316909795	0.198281510725192	0.2672083818532	0.0255600355427964	0	0.725780955243387	0.693531975812282
X675_120604_3	0.351442790571586	0.27797303917384	0.273054598024499	0.0621817459820143	0.0353478262480604	0	0.689760052309683	0.723986052029304
X538_120516_4	0.220097620295297	0.217013410255348	0.299372377660295	0.263516591789061	0	0	0.637105745302368	0.777770211848754
X07_120410_4	0.574779052203978	0.0831765557903485	0.185095382869555	0.14520542634313	0.0117435827929884	0	0.597489608483582	0.799813424593776
X478_120514_4	0.215830889967512	0.137119092809074	0.339142447474611	0.307907569748802	0	0	0.796781787971243	0.606181958457452
X523_120515_4	0.303500672204659	0.29218503907576	0.354111359314972	0.0141744378242741	0.0360284915803348	0	0.688201663496855	0.732475141904871
X571_120521_4	0.340162001053598	0.255337905239038	0.27163742398067	0.0436139581771757	0.0892487115495174	0	0.787881447540684	0.631292867110161
X57_120417_4	0.215814761622339	0.165055032607099	0.273067277612429	0.301443018802232	0.0446199093559009	0	0.750278820513501	0.661146117182031
X331_120501_4	0.463522843904245	0.257671835350218	0.150921318602974	0.0344510013196549	0.0934330008229084	0	0.551691543585116	0.833117672248159
X644_120524_4	0.253441971729601	0.209521617589996	0.239196705850818	0.21317451825537	0.0846651865742145	0	0.739064325598647	0.681161722505585
X556_120517_4	0.330347812715886	0.228071737734221	0.152596183960287	0.288984265589607	0	0	0.536449823247657	0.841509824594451
X186_120424_4	0.333467272329579	0.25964565733744	0.233952621020712	0.159802296826295	0.0131321524859744	0	0.660591584924676	0.749971402798321
X424_120507_4	0.162616234702726	0.41897690894867	0.267693846260846	0.0829784459795093	0.0677345641082485	0	0.68373682155482	0.73004347233787
X227_120425_4	0.202054843873692	0.234915527743568	0.276949473914183	0.271907630752623	0.0141725237159343	0	0.790592461525293	0.617035028460758
X641_120524_4	0.48910608594237	0.178102675439989	0.143364837838543	0.123990874604869	0.0654355261742286	0	0.617490094550263	0.790787149105881
X486_120515_4	0.100300016199408	0.363238913523573	0.265735788551258	0.246130155966882	0.0245951257588796	0	0.69205670499093	0.720642136911739
X654_120529_4	0.143733000772847	0.266217356397712	0.396685239141754	0.106602411388171	0.0867619922995167	0	0.768166971042696	0.646907407411953
X521_120515_4	0.160389831713425	0.358159772584109	0.372328532930135	0.0743363952932802	0.0347854674790513	0	0.747010797539078	0.669617464874535
X721_120531_4	0.0354611524684755	0.451843493651509	0.44745276727253	0	0.0652425866074853	0	0.750821907208491	0.683037428262867
X542_120516_4	0.449122969877544	0.226411957309432	0.109466174799922	0.179784698530089	0.0352141994830143	0	0.625537966630736	0.790564609703251
X617_120524_4	0.101882447299658	0.327797452701873	0.314598115707044	0.211077610657964	0.0446443736334621	0	0.7484351778437	0.663198241893618
X618_120524_4	0.629460848944918	0.0580915935568156	0.101246179171372	0.191952607191322	0.0192487711355723	0	0.465068764048484	0.885057394861082
X628_120524_4	0.339335958386363	0.3510790967027	0.146363630244473	0.0440170718371244	0.119204242829339	0	0.588974160581153	0.814584942502389
X584_120522_4	0.702654370949718	0.0982056137392476	0.131012737514625	0.0234099630635848	0.0447173147328251	0	0.566683310950093	0.821512251024844
X648_120529_4	0.491211078923637	0.171329155839809	0.172437301173544	0.152919318921379	0.0121031451416311	0	0.675020749965899	0.743223046702173
X606_120523_4	0.195556765957527	0.334083909739197	0.353776612983313	0.0404701842718952	0.0761125270480679	0	0.819322408957782	0.578554702491667
X709_120531_4	0.137536078174545	0.422579555154234	0.261734647407935	0.118129359407489	0.0600203598557966	0	0.718135462379701	0.699553536255479
X624_120524_4	0.066296592683162	0.272698943053769	0.377131558699759	0.283872905563311	0	0	0.736935636299518	0.690005042730209
X690_120604_4	0.39387450350004	0.191089536928539	0.185340834397709	0.22155158615204	0.00814353902167285	0	0.633673878060552	0.772881252949473
X710_120531_4	0.329323388640408	0.225498825127302	0.221062527247067	0.224115258985223	0	0	0.713975400409205	0.70381783690866
X339_120501_4	0.252119999612075	0.307002521757116	0.19403041442909	0.13460495959563	0.112242104606089	0	0.720010374931155	0.715860725566542
X272_120430_4	0.331703808259284	0.204694146369241	0.282595380159356	0.170934797747487	0.0100718674646319	0	0.769096262062069	0.642435219232937
X594_120522_4	0.228505778296254	0.221986070913098	0.362059756142445	0.187448394648202	0	0	0.85983960332484	0.515647460835509
X549_120517_4	0.162793461586674	0.352570236206194	0.235301259259132	0.240422875147587	0.00891216780041457	0	0.713067954025611	0.703568169872984
X358_120502_4	0.427639778630319	0.239977447484511	0.157946062319434	0.173206287054628	0.0012304245111066	0	0.656851988564817	0.760174501322959
X273_120430_4	0.106993960185034	0.229307984245469	0.358270356547402	0.230580336950535	0.0748473620715598	0	0.737222013616204	0.6801762948438
X561_120517_4	0.238285960906506	0.15408932123105	0.220641063259512	0.326704380823313	0.0602792737796188	0	0.713271509810192	0.70244674667356
X159_120423_4	0.348593284394827	0.239683804939709	0.321205181588553	0.0442130675539361	0.0463046615229748	0	0.780758069593526	0.628106813295102
X608_120523_4	0.394730527662056	0.207935119313377	0.251121756450222	0.0350804247624858	0.11113217181186	0	0.771216108761249	0.653225019459713
X677_120604_4	0.241587996934414	0.137425239912277	0.412323843317587	0.160057905973947	0.0486050138617755	0	0.844155254653242	0.543573600262672
X351_120501_4	0.381230461022765	0.136568445539177	0.251257574311562	0.159187096735894	0.0717564223906015	0	0.710000996568306	0.705298630718528
X464_120514_4	0.106895320291371	0.347808954597045	0.396870787372451	0.0584258821134246	0.089999055625708	0	0.833766046274301	0.556076334528932
X469_120514_4	0.235851318132214	0.330580807379566	0.199478642965985	0.231745928784599	0.00234330273763515	0	0.68172635909715	0.735333325176302
X133_120419_4	0.493051696275384	0.10347734907887	0.172717672667947	0.19880403408539	0.0319492478924094	0	0.634914999325044	0.772270427378055
X716_120531_4	0.0364428773323723	0.218888877567412	0.446683505680663	0.249850998485832	0.0481337409337208	0	0.844175873970529	0.554421676446399
X706_120605_4	0.0546221660311454	0.243215510554107	0.400251732454507	0.249180120819775	0.0527304701404654	0	0.871973253051238	0.493908026522937
X118_120418_4	0.0755548224727047	0.173508448277397	0.306164892541628	0.387962071930132	0.0568097647781376	0	0.831275617762932	0.557330819524922
X394_120503_4	0.121879497907537	0.205606507826261	0.117856798801144	0.464324799360955	0.0903323961041025	0	0.798095995125787	0.648522157268554
X676_120604_4	0.0777289820976765	0.354660958657565	0.258016630653143	0.19465258879373	0.114940839797886	0	0.764743990692848	0.655546239098433
X207_120424_4	0.349052774512955	0.186295838558947	0.273200339023932	0.180627124230741	0.0108239236734255	0	0.774225963626713	0.637657445088506
X269_120430_4	0.16986298981318	0.134486341459271	0.363591067561356	0.332059601166192	0	0	0.802141571109232	0.602787185919214
X656_120529_4	0.206615272662506	0.235992588846141	0.440195718007522	0.0693252497188614	0.0478711707649702	0	0.799207941824723	0.617867088502157
X453_120507_4	0.411396736814415	0.171942641511934	0.239219099799509	0.129384010736737	0.0480575111374044	0	0.736614932184075	0.682772241385563
X688_120604_4	0.132680129790737	0.352106632585409	0.426115133605037	0.0264325361765694	0.062665567842248	0	0.778858982507215	0.63937947744726
X635_120524_4	0.0917058347229532	0.455267218758067	0.314058626997999	0.125002045529697	0.0139662739912843	0	0.706945175478126	0.707738883003466
X271_120430_4	0.715359303700443	0.196885295547001	0.0303825972636288	0	0.0573728034889278	0	0.403311990519281	0.91488948812491
X155_120423_4	0.373713308770107	0.0965167254494641	0.263939442399956	0.265830523380474	0	0	0.747947465193476	0.663892619821948
X687_120604_4	0.0969591950333043	0.411564204804249	0.375426428660902	0.00608361206777386	0.109966559433771	0	0.848936624371774	0.535965407633774
X165_120423_4	0.564639620758705	0.228306715764967	0.0530056775349132	0.133282213111354	0.0207657728300614	0	0.510573601174066	0.859282884453283
X229_120425_4	0.61635861211967	0.115311195861028	0.102115122248385	0.158535038527052	0.00768003124386482	0	0.540679735190169	0.838779585527637
X683_120604_4	0.424290288528431	0.26518929599122	0.252150985435584	0.0254112271461308	0.0329582028986344	0	0.646096632319453	0.762333278022074
X243_120426_4	0.505610636134855	0.12120390741598	0.136972079767005	0.184514322010962	0.0516990546711976	0	0.589914757636619	0.807251480067188
X60_120417_4	0.125951280091467	0.157726042556405	0.303357551554928	0.392675994987892	0.0202891308093077	0	0.86025766155819	0.514686875448851
X109_120418_4	0.66553516883387	0.054921733737642	0.0917144695731195	0.176138954381769	0.0116896734736003	0	0.422438788175544	0.91016123758145
X545_120516_4	0.414853387021323	0.238296513438791	0.133383639463017	0.205339672320198	0.00812678775667039	0	0.644190561774444	0.772901871245431
X463_120514_4	0.144494090191168	0.464736040259113	0.295804013934423	0.0038830799362182	0.0910827756790779	0	0.767654080157001	0.649019341468267
X714_120531_4	0.0630857442154585	0.28458692992786	0.474971337363717	0.122623283492202	0.0547327050007625	0	0.79956486691034	0.631948974560775
X672_120530_4	0.485477737882819	0.127211118043856	0.241282591888085	0.0886804268035179	0.0573481253817227	0	0.709804322134271	0.70638866059583
X214_120425_4	0.389990062541472	0.156420628701378	0.228457103928192	0.172790373428186	0.052341831400772	0	0.672402936700204	0.739963475419426
X344_120501_4	0.256364656512604	0.210766707368691	0.289011302289749	0.243857333828956	0	0	0.837537786505821	0.557757499818951
X407_120503_4	0.221700410406605	0.371856296759014	0.239098411798768	0.0657545998068574	0.101590281228756	0	0.713648604798941	0.710043634927939
X582_120521_4	0.082298346025859	0.433241455051453	0.334966983193935	0.122368447269528	0.0271247684592257	0	0.765111047936736	0.645142014191734
X367_120502_4	0.129682107131963	0.0863469847121036	0.245183491926821	0.538787416229112	0	0	0.84632634289128	0.535987510260912
X03_120405_4	0.602339527006332	0.101885962304809	0.137850563032371	0.151383622424934	0.00654032523155452	0	0.529830526117442	0.845953157542649
X479_120514_4	0.240039636502784	0.267171640246418	0.280126369860971	0.194783844198684	0.0178785091911426	0	0.749930001362356	0.663405749058915
X581_120521_4	0.134857500549875	0.187520564632982	0.438837125791719	0.191732517411054	0.0470522916143705	0	0.759926693509046	0.677793464405457
X05_120405_4	0.371668117703513	0.205247656653369	0.174386807174097	0.248149730211187	0.000547688257834938	0	0.682120831725492	0.736618615700432
X329_120501_4	0.383199995954615	0.124433666970289	0.200062330944048	0.288140133222658	0.00416387290839005	0	0.728261452024262	0.690703415231659
X670_120530_4	0.201679858665632	0.188240377570515	0.32807850492137	0.249539083298053	0.0324621755444298	0	0.768146993048888	0.640920224284285
X715_120531_4	0.188684360908968	0.332684744966651	0.264943285782499	0.126799059226384	0.0868885491154991	0	0.773522909282901	0.647072039450088
X36_120416_4	0.379492342795315	0.184064826868649	0.161541852080479	0.213674042867841	0.0612269353877164	0	0.587290960053026	0.808322407956778
X720_120531_4	0.195118914891849	0.356625481928137	0.339450833896041	0.101122162386838	0.00768260689713508	0	0.802718290214564	0.599904224567087
X29_120416_4	0.114008689424183	0.209076315036484	0.311480878665799	0.291581979133231	0.0738521377403041	0	0.797066006790602	0.604956246456264
X337_120501_5	0.597181648151401	0.111222518142687	0.232020412045834	0.0553628787358784	0.00421254292419919	0	0.564687043110192	0.829470080885158
X309_120430_5	0.37865541036519	0.18220141053382	0.188525670781148	0.166361890436419	0.0842556178834234	0	0.730200298267052	0.702525089328113
X314_120501_5	0.382647270719524	0.24926028265718	0.254468545483706	0.0746223879254073	0.0390015132141823	0	0.708840142102075	0.707669074809097
X289_120430_5	0.485923649966645	0.172892743002449	0.215421216248298	0.02405076811975	0.101711622662857	0	0.709465931121621	0.713603193676817
X149_120419_5	0.423739762978459	0.24211746018137	0.149344869298133	0.174921730597743	0.00987617694429537	0	0.60730316986481	0.79572016599365
X160_120423_5	0.404290526873378	0.191241594676498	0.257385532348796	0.0780345379235759	0.0690478081777516	0	0.727130907536561	0.690396256377863
X475_120514_5	0.165661855819255	0.491100452505424	0.186077721915112	0.157159969760209	0	0	0.732866562558711	0.700992079774471
X19_120411_5	0.486194089538149	0.129100324658566	0.179797575770281	0.188351247582739	0.0165567624502654	0	0.654635537910952	0.756839891170595
X325_120501_5	0.412298241423927	0.139929543195955	0.153774874907621	0.293019340303852	0.000978000168645515	0	0.590760548778558	0.804544810608697
X246_120426_5	0	0.439574495912781	0.160205837187196	0.333295340110478	0.0669243267895458	0	0.551154187031743	0.83183349909742
X370_120502_5	0.334126642852612	0.233429823965755	0.322683469657317	0.0233734345088504	0.0863866290154653	0	0.823823715458411	0.57728928951389
X245_120426_5	0.544498759212742	0.07677273223811	0.202103388475156	0.17340630710901	0.00321881296498171	0	0.581439998043956	0.813097857641958
X372_120502_5	0.308574572960171	0.188394120969083	0.309347728761919	0.139959488026359	0.0537240892824683	0	0.731360179761514	0.682105769885138
X543_120516_5	0.43031281146824	0.302326445451876	0.0997659492569147	0.0961987807738512	0.0713960130491189	0	0.591799345262253	0.816657942505188
X327_120501_5	0.536648988871372	0.162228479735739	0.140320417949748	0.154358411017829	0.00644370242531337	0	0.5674536297081	0.821292642408277
X336_120501_5	0.506453412903769	0.190226065075443	0.17905046972728	0.112951789620468	0.0113182626730403	0	0.657931719419028	0.755817272170742
X427_120507_5	0.273048555509089	0.476880900197308	0.125643314029038	0.118017422901017	0.00640980736354778	0	0.679827454995529	0.75782756919015
X410_120503_5	0.342954505124178	0.279446300931392	0.311723240608688	0.0114556632846677	0.0544202900510749	0	0.782857741023133	0.627587577912622
X360_120502_5	0.35545497543897	0.139350942295571	0.26596771008603	0.187947088198036	0.0512792839813932	0	0.743562491155809	0.670732386565653
X350_120501_5	0.265973769769629	0.315973623485384	0.276905350225556	0.05426808540083	0.0868791711186011	0	0.77307673729813	0.64595186008546
X53_120417_5	0.216712635606904	0.311344669401113	0.277954450598203	0.172226745404191	0.0217614989895897	0	0.797497673818911	0.613987294581419
X111_120418_5	0.400677291754309	0.134206348494528	0.261749579413467	0.199286022879267	0.00408075745842983	0	0.732873764058999	0.680872602749355
X428_120507_5	0.231657948060314	0.426294252463585	0.223760540511939	0.108632013247098	0.00965524571706347	0	0.805516443554297	0.627633541580862
X171_120423_5	0.406003006392647	0.245830008605508	0.155866367238737	0.156141500345059	0.0361591174180491	0	0.595052921368578	0.804226706953136
X183_120424_5	0.193295228180136	0.253229772474522	0.377369051868527	0.174332333717106	0.00177361375970845	0	0.888260549094861	0.4670308711521
X134_120419_5	0.362686588181764	0.244025396265147	0.226094291531449	0.121647973274145	0.0455457507474947	0	0.674212455158192	0.740111730098986
X312_120430_5	0.0806038813104181	0.343644589079128	0.527948588131118	0	0.0478029414793363	0	0.813195136631492	0.635048690763322
X352_120501_5	0.198091026899621	0.372072533751588	0.281993014062889	0.147843425285902	0	0	0.712626262465659	0.701672535337913
X190_120424_5	0.265519643193745	0.14401238264232	0.232533063118095	0.278038610193667	0.0798963008521729	0	0.70709721486742	0.708193446229675
X224_120425_5	0.426551372736368	0.239156868330714	0.304192867922082	0	0.030098891010836	0	0.641922048556889	0.770474784015407
X433_120507_5	0.376066437927872	0.208582094586323	0.268106412421669	0.13287991448803	0.0143651405761064	0	0.72070280790888	0.694046075922939
X307_120430_5	0.4966178431885	0.259206275833236	0.131428742889241	0.10270004643526	0.0100470916537633	0	0.598688530459416	0.803365136299908
X219_120425_5	0.457303418766896	0.150899919627531	0.235938510524843	0.152080061092298	0.0037780899884315	0	0.673530546527196	0.738216850704577
X222_120425_5	0.0927093756443299	0.465829731523569	0.314709677180402	0	0.1267512156517	0	0.805940790916893	0.604514297557199
X501_120515_5	0.37131616421124	0.216837641688353	0.248301117757368	0.0663554332213857	0.0971896431216533	0	0.727104650487152	0.69366063300157
X52_120416_5	0.142062873282955	0.362945143644497	0.337614857965282	0.12221688097548	0.0351602441317855	0	0.750848681406275	0.661588473696924
X691_120605_5	0.294071504388892	0.377658573503396	0.267842344496492	0	0.0604275776112195	0	0.682374843321308	0.73170362501122
X318_120501_5	0.424354344841037	0.152719134990643	0.312746108467381	0.105009070122225	0.00517134157871389	0	0.709248724567575	0.707004714404033
X485_120515_5	0.475681552584021	0.195966235824281	0.0817440760810225	0.209869882560724	0.036738252949951	0	0.48114612298963	0.874114645257105
X145_120419_5	0.289232483909111	0.257821589909265	0.297023538091591	0.15217604091815	0.00374634717188255	0	0.744775518791739	0.668175717454074
X381_120503_5	0.191606345312009	0.467652427969645	0.193214175038112	0.147527051680234	0	0	0.806340675758731	0.637872871982747
X704_120605_5	0.255747870413531	0.260633330403954	0.344057460358615	0.0525601899927299	0.0870011488311696	0	0.845580726299876	0.544237746405468
X620_120524_5	0.326782334922926	0.149224213619587	0.400622686589611	0.0728337464474455	0.0505370184204309	0	0.782285853252035	0.632250573799747
X290_120430_5	0.23950997755862	0.116804691462216	0.323083911762083	0.255735623784484	0.0648657954325973	0	0.762542514037398	0.647111277754328
X701_120605_5	0.220210111882273	0.256277252160333	0.468799990482153	0	0.0547126454752415	0	0.860692634439702	0.526590929297587
X460_120514_5	0.409422031566567	0.14438326203656	0.282627584044425	0.116661428814636	0.0469056935378114	0	0.728729013205835	0.685209200065192
X322_120501_5	0.258267972197914	0.347299282262744	0.369732380119892	0	0.02470036541945	0	0.799688872518817	0.604301701371686
X315_120501_5	0.661833299523148	0.0868631812173058	0.146801131561925	0.0968752546889178	0.00762713300870416	0	0.544300750496071	0.837022909544437
X96_120417_5	0.21291855363174	0.413038602637562	0.259503705239869	0.11453913849083	0	0	0.788597437703826	0.630404354488462
X406_120503_5	0.310155283836433	0.278813486401901	0.256018680133888	0.148096265527726	0.00691628410005245	0	0.764564885006848	0.653094228445197
X231_120425_5	0.499579964814419	0.105537966201855	0.150006913452998	0.197499507381613	0.0473756481491167	0	0.623780461161338	0.782802188201379
X08_120410_5	0.34561053094424	0.253906854150195	0.308613837811733	0.0895532684229638	0.002315508670868	0	0.776898717202377	0.632738469559723
X228_120425_5	0.413997144757284	0.323507326095434	0.159260990875829	0.0731062080254981	0.0301283302459543	0	0.738161828189176	0.707389143622348
X70_120417_5	0.523849329854675	0.184782452469833	0.232704101618127	0.0564772678864236	0.00218684817094118	0	0.699654399093527	0.715887212284572
X79_120417_5	0.731432630628994	0.167595640130416	0.0782307043817552	0.0200281585230346	0.00271286633579952	0	0.487850887395656	0.870840415307435
X201_120424_5	0.29972835275355	0.223159589927165	0.224818133478963	0.214687008181515	0.0376069156588064	0	0.663722993018076	0.747399504882849
X124_120419_5	0.243703388204937	0.131958260659867	0.311983259097542	0.254946010569334	0.0574090814683201	0	0.808242743115957	0.591192098837784
X248_120426_5	0.396444017938926	0.147005405663784	0.235103141928258	0.169701138282281	0.051746296186751	0	0.773285714605981	0.647596562699751
X251_120426_5	0.20649785724776	0.312033288891384	0.315856210051056	0.1656126438098	0	0	0.748276053122348	0.664121563198733
X38_120416_5	0.357751842826319	0.166847909012803	0.271683659468656	0.198085426530756	0.00563116216146667	0	0.809343431164102	0.597442579635696
X174_120424_5	0.134697009472004	0.189217021474538	0.270993980459519	0.339390954132068	0.0657010344618706	0	0.875869511569505	0.508421822533026
X236_120425_5	0.315219056254089	0.160951710106729	0.234563182390853	0.264342319390721	0.0249237318576076	0	0.773995693814299	0.642907929187458
X82_120417_5	0.619314989504689	0.0721730932208143	0.251833547288969	0.0553498756182443	0.00132849436728318	0	0.641118333200707	0.768740875263
X215_120425_5	0.538148278844963	0.152923666907227	0.183437814854113	0.122009710349987	0.00348052904371063	0	0.605828408334451	0.793669922153379
X689_120604_5	0.250499939656501	0.32035801366472	0.360155919325533	0	0.068986127353247	0	0.783981847719965	0.62348272612816
X73_120417_5	0.511762818056035	0.0925506672449269	0.1686481996541	0.220026287726345	0.00701202731859304	0	0.649891521196759	0.760176851289311
X281_120430_5	0.480964123547019	0.253051614687939	0.200178658282035	0	0.0658056034830074	0	0.721670788813362	0.707348756047991
X11_120410_5	0.133552370563825	0.303639794115645	0.397681042489268	0.131016754649555	0.034110038181707	0	0.776529517486904	0.63828727006268
X196_120424_5	0.347619276665402	0.307248030951299	0.284090168463166	0	0.061042523920134	0	0.78419915445774	0.631957709043494
X257_120426_5	0.303686608001709	0.268975194274237	0.256590956653439	0.170747241070616	0	0	0.753493259742521	0.663052279466217
X197_120424_5	0.36453426316973	0.173862363978327	0.239171738109641	0.186935201225658	0.0354964335166437	0	0.681342822683904	0.731447593152702
X120_120418_5	0.268178153749733	0.311158158241355	0.216450899701308	0.182507508844656	0.0217052794629482	0	0.758334457108946	0.669561344582421
X385_120503_5	0.461794536791409	0.200529596176953	0.140313808225373	0.118285604772229	0.0790764540340356	0	0.636471455286818	0.780732615219729
X97_120417_5	0.488570176794043	0.164003793798436	0.230925639244334	0.116500390163186	0	0	0.733120682480282	0.684976759857354
X364_120502_5	0.370499919515211	0.259903128251539	0.265141354934741	0.0286719002698669	0.0757836970286428	0	0.76999597299656	0.65030622885468
X423_120507_5	0.479682891432473	0.145334888649789	0.274057118544237	0.0517885189182363	0.0491365824552637	0	0.704849347379027	0.709288031418424
X310_120430_5	0.0738630835355159	0.333692421747366	0.340216373134291	0.1773441959906	0.0748839255922269	0	0.834783575662278	0.556224842552939
X435_120507_5	0.361564111572048	0.428246281451427	0.205906063702604	0	0.00428354327392049	0	0.760815421403664	0.674528033072545
X412_120503_5	0.30074087547749	0.180748959293934	0.399483952046816	0.0753302493815915	0.043695963800168	0	0.75800130201636	0.663716894388549
X703_120605_5	0.375723399086396	0.316063564565684	0.147437212730061	0.0588327470029804	0.101943076614879	0	0.724976152734622	0.729010559875796
X115_120418_5	0.546405243420597	0.14269169181173	0.203697431663022	0.021641025315197	0.0855646077894545	0	0.546232773971118	0.836520957756333
X569_120521_5	0.268151673332373	0.381863133157327	0.284858529243485	0.0248991087081296	0.0402275555586848	0	0.680865253579117	0.732243571324383
X535_120516_5	0.358841948592554	0.3441123469346	0.164205712930362	0.129586470865063	0.00325352067742059	0	0.750848018870431	0.693850827138141
X646_120524_5	0.299880316718182	0.283067018054422	0.296494194795015	0.0591954297596594	0.0613630406727223	0	0.748175969946299	0.666376764103759
X37_120416_5	0.360518478237878	0.251345860157076	0.213459687192065	0.174675974412981	0	0	0.766087304320171	0.660450291503913
X256_120426_5	0.230731452488055	0.256235008187474	0.249858040336198	0.250281134443784	0.0128943645444897	0	0.684967477011364	0.727404876684579
X232_120425_5	0.518397196500679	0.186292185167741	0.175477051426929	0.0938087164957162	0.0260248504089349	0	0.600782437518571	0.798004304478157
X303_120430_5	0.532476350904138	0.153142625650883	0.141659874472919	0.171088190949534	0.00163295802252704	0	0.717196305953141	0.715164639681738
X411_120503_6	0.588813024617275	0.0869476256616855	0.139467719239586	0.146726634197064	0.0380449962843896	0	0.556893355461066	0.828048791042976
X355_120501_6	0.537911937443853	0.226771535124434	0.171539134425778	0.0589787358543631	0.00479865715157217	0	0.646179747264875	0.765631383679036
X121_120418_6	0.535483130544555	0.154159733751791	0.167276196053734	0.133007080310665	0.0100738593392546	0	0.505549725436313	0.862687443933922
X23_120411_6	0.400099749792661	0.137764406270791	0.209422407716805	0.210954105992999	0.0417593302267439	0	0.682201104527037	0.732570427712963
X437_120507_6	0.649620027213674	0.216827626043051	0.0857683157646787	0.00285574944867807	0.0449282815299186	0	0.521419932644896	0.851180836763193
X40_120416_6	0.277526346836876	0.15858870479263	0.250769223642362	0.249216034272462	0.0638996904556695	0	0.737696624843511	0.677777276430537
X58_120417_6	0.522146256279383	0.0942611184095594	0.16573736982062	0.208183934860747	0.00967132062969039	0	0.540328427457244	0.840107156024701
X51_120416_6	0.515499015161847	0.130785014684673	0.27681112604507	0.0381389982345833	0.038765845873826	0	0.684537225605929	0.728835463512549
X181_120424_6	0.519043195998253	0.23621716747001	0.15025390023144	0.0860088685994309	0.00847686770086604	0	0.600334758287303	0.800005855358908
X128_120419_6	0.55500194698739	0.0559622587566252	0.107891810590784	0.232327647645508	0.0488163360196938	0	0.477952082644643	0.876816593679233
X180_120424_6	0.426921354531551	0.094406694560844	0.0777020884701352	0.322752532667661	0.0782173297698089	0	0.486131894831614	0.871534159863812
X212_120424_6	0.352692024561609	0.184181191643032	0.205774063419338	0.220722278781769	0.0366304415942511	0	0.646797512758598	0.761883882527953
X276_120430_6	0.438143595286436	0.228295650232081	0.189140011554709	0.0805456439331976	0.0638750989935764	0	0.62431630374207	0.782050690343935
X218_120425_6	0.58412208606658	0.161956091581021	0.199562893251119	0.0120257054201068	0.042333223681173	0	0.602452441842215	0.796313845444494
X46_120416_6	0.606987276293002	0.137177335823436	0.116277539452319	0.139557848431243	0	0	0.485885594083541	0.872505102368022
X78_120417_6	0.400525576308049	0.0927477731478094	0.296114804419135	0.144990838085312	0.0656210080396941	0	0.764536414601952	0.645944341791323
X146_120419_6	0.615781838742383	0.117862452126906	0.1681231414285	0.0982325677022108	0	0	0.518876189296722	0.855338719907821
X474_120514_6	0.492392465428055	0.275109462749259	0.134717656179217	0.0523959730854584	0.0453844425580104	0	0.574051378453965	0.819739030604842
X98_120417_6	0.447116486871238	0.0601105751852701	0.172949144281062	0.247501240616382	0.0723225530460486	0	0.58533167994948	0.808301158580709
X371_120502_6	0.478458555440403	0.109063931593775	0.191496465797137	0.135967310979661	0.0850137361890237	0	0.591968154774456	0.803768999976617
X291_120430_6	0.468931990852017	0.194282517372499	0.213137950993996	0.108543081811437	0.0151044589700498	0	0.649097078167345	0.760079050186365
X603_120523_6	0.646490810356525	0.0865533793674165	0.180168874566401	0.061512630927922	0.0252743047817356	0	0.560961040857282	0.8267507214901
X152_120419_6	0.189379557540526	0.161716787612589	0.195718511487273	0.361244519430768	0.0919406239288431	0	0.595179744017939	0.801231268167725
X392_120503_6	0.30963894235804	0.272221531851481	0.179142397722603	0.137626097784782	0.101371030283094	0	0.702425967586465	0.731566165824411
X533_120516_6	0.479705754444802	0.127117821240518	0.300545029715359	0.0629166496605583	0.0297147449387624	0	0.767094757810079	0.643506451794676
X359_120502_6	0.34289997641737	0.169186123071802	0.233659240412885	0.164261248512776	0.0899934115851675	0	0.641674933643097	0.765451390011813
X600_120523_6	0.440926134737862	0.132125574759273	0.179307869505713	0.203986841607302	0.0436535793898504	0	0.590185576685835	0.804997227158238
X116_120418_6	0.42252458295768	0.100259677988469	0.232131634921381	0.232499078352682	0.012585025779788	0	0.720103408607248	0.694903061399626
X88_120417_6	0.410129899063481	0.234766890501616	0.154369389391985	0.150792981538028	0.04994083950489	0	0.562804652175079	0.82513261780152
X328_120501_6	0.522867621300404	0.131651791900325	0.172626541676934	0.116714473111486	0.0561395720108513	0	0.532469786498881	0.844455059058474
X185_120424_6	0.487054834735853	0.114209076788087	0.161298529568464	0.187287304054864	0.0501502548527322	0	0.52729079866371	0.847563299732441
X89_120417_6	0.56555668037997	0.135018092624485	0.114993524621691	0.164111295232704	0.0203204071411496	0	0.52933883836306	0.84579747594808
X505_120515_6	0.201090082591745	0.239452608679793	0.231868372460672	0.258286708813304	0.0693022274544861	0	0.61843378301415	0.783745158073766
X334_120501_6	0.438331755950376	0.11447926023655	0.189338165228543	0.227401723130592	0.030449095453939	0	0.64458197683416	0.763720056576601
X366_120502_6	0.490912950262969	0.185539122112266	0.229868163094105	0.0848264418719844	0.00885332265867512	0	0.688125615538261	0.726424621056881
X237_120426_6	0.699642517066817	0.117132962017631	0.114113146367547	0.0674740790523153	0.00163729549569023	0	0.525431033562664	0.848526707814176
X589_120522_6	0.343442133616457	0.23886372440704	0.329621931694929	0.0446376590156517	0.0434345512659222	0	0.739674926229398	0.674286775303381
X100_120417_6	0.366363244170084	0.20179546295188	0.194774876957882	0.224427125213595	0.0126392907065592	0	0.675527074892658	0.739778659055021
X84_120417_6	0.584686429320851	0.1646903970145	0.210481851216304	0.0401413224483458	0	0	0.602771129543766	0.796700892494234
X168_120423_6	0.685080283621824	0.15369201041962	0.0910431447464957	0.066614220791665	0.00357034042039465	0	0.45705212101606	0.888844143598309
X306_120430_6	0.340114774966921	0.197821888946126	0.190238556268887	0.156676157198685	0.11514862261938	0	0.667252258692968	0.752328046718413
X305_120430_6	0.5614279166804	0.109167836650514	0.216184417577153	0.0517115024093155	0.0615083266826174	0	0.643077761200912	0.76450602562027
X637_120524_6	0.352610123478745	0.308368185476105	0.140072685959708	0.164596214174648	0.0343527909107943	0	0.621920058019649	0.790109535902946
X682_120604_6	0.489764984572841	0.0998531052745544	0.20545274909844	0.165234927646565	0.0396942334075998	0	0.671923981800466	0.741033062741832
X302_120430_6	0.21542973956321	0.307194307682279	0.375077097714217	0.0451780263441334	0.0571208286961601	0	0.830656286328054	0.561294349871758
X440_120507_6	0.511746084102066	0.0883343409932437	0.195352330201254	0.172547498712533	0.0320197459909035	0	0.574225979613735	0.817174105993036
X448_120507_6	0.45604354045337	0.242873936004241	0.181947414366108	0.0937087113468403	0.0254263978294414	0	0.686187137870519	0.73646079982583
X176_120424_6	0.567376397307496	0.150487778570061	0.155907744581561	0.0914938052349606	0.0347342743059214	0	0.556904044968332	0.828134197551925
X253_120426_6	0.504809187896687	0.13123698318899	0.196253616009853	0.0897248043230868	0.0779754085813836	0	0.631044243712714	0.775301459005315
X24_120411_6	0.613864405548684	0.156516762978514	0.153675492310892	0.0682616957047043	0.00768164345720552	0	0.611461041582054	0.790487409975476
X415_120503_6	0.562958672909917	0.106693732350816	0.124936097287778	0.158372869247949	0.0470386282035412	0	0.544994452075576	0.836056300554339
X397_120503_6	0.455373399963	0.181054168962153	0.227754210543222	0.0344446234830615	0.101373597048563	0	0.654016652959862	0.756721950540479
X20_120411_6	0.461504873823704	0.114729676568252	0.154323370817709	0.232548276536793	0.036893802253542	0	0.61000225145257	0.791709748706987
X347_120501_6	0.501410780947697	0.195591512847101	0.207208080339862	0.0627276400010918	0.0330619858642481	0	0.665487502042526	0.747903658495346
X438_120507_6	0.579587926652644	0.132343852585037	0.127201012821429	0.148756875176157	0.0121103327647336	0	0.598637808520162	0.800982304624955
X158_120423_6	0.520658167899571	0.116615094739252	0.16163073034365	0.188432639963867	0.0126633670536589	0	0.560907904455544	0.825484855054132
X234_120425_6	0.645424649879344	0.0949816540045538	0.131232350598219	0.0900742140541045	0.0382871314637785	0	0.553371549403275	0.830397696673206
X573_120521_6	0.468629807697003	0.251759472246211	0.139010835894438	0.132084008720249	0.00851587544209865	0	0.562169961568651	0.825644456601965
X90_120417_6	0.595530166016535	0.100896494326654	0.168717683901346	0.0900539478270913	0.0448017079283741	0	0.528075240324266	0.847987275750186
X182_120424_6	0.673223547676692	0.112698277151688	0.093323053519971	0.107334276507131	0.0134208451445179	0	0.444535455875302	0.896234168311427
X216_120425_6	0.387475447053723	0.156760202115202	0.252562445869023	0.106210294665074	0.0969916102969777	0	0.697193416394141	0.717989417754756
X142_120419_6	0.404261167293367	0.0580807514351565	0.206033309181597	0.272734633415038	0.0588901386748412	0	0.640225252873663	0.766074355271116
X241_120426_6	0.425581684559914	0.210199348368639	0.161823359493791	0.157410246805581	0.0449853607720745	0	0.612391313272795	0.791877837822945
X94_120417_6	0.420181349357145	0.168575745735267	0.148805093121321	0.180964086420804	0.0814737253654631	0	0.570984597871612	0.820174326688778
X259_120426_6	0.28993816420654	0.270480485618215	0.222861515947046	0.118134004388889	0.0985858298393103	0	0.762082331570398	0.670934673349644
X425_120507_6	0.333242673347597	0.352518710386968	0.221863851550757	0.00535808527548033	0.0870166794391967	0	0.745024495875524	0.688185011518586
X391_120503_6	0.309967915579961	0.160563152694943	0.173093248957948	0.27128175772509	0.085093925042057	0	0.585183109495831	0.808802741022753
X323_120501_6	0.482048099658906	0.18580583216146	0.217234386181527	0.0652276071998685	0.0496840747982394	0	0.614095020489235	0.787514720043499
X562_120517_6	0.603606786691223	0.0955637936054194	0.177035567527887	0.086841906715185	0.0369519454602847	0	0.611335044546173	0.789553021487945
X14_120410_6	0.424204702164785	0.189676143145883	0.319835383129968	0.053093948882858	0.0131898226765063	0	0.793419730544381	0.612232838054803
X242_120426_6	0.482560209136085	0.107589267165826	0.190928752226371	0.178644854929037	0.0402769165426822	0	0.529012677663536	0.848744677976457
X287_120430_6	0.489699288301889	0.115676448716882	0.249355337533246	0.0486479006171655	0.0966210248308175	0	0.712848539829963	0.703669083148919
X119_120418_6	0.430200382857226	0.136135424212085	0.232939971273033	0.16338893525839	0.0373352863992659	0	0.652048723602386	0.756663604828196
X170_120423_6	0.355344690405127	0.243641507040331	0.159305073332252	0.188566341682748	0.0531423875395417	0	0.59218134757505	0.806038794235451
X267_120430_6	0.475911270414082	0.0472867178591061	0.261238595779189	0.154434204865719	0.0611292110819043	0	0.657429159256474	0.752894926825704
X72_120417_6	0.489282970505026	0.111523816791397	0.116974039201672	0.263115893194439	0.0191032803074662	0	0.519474050513422	0.851867082457777
X586_120522_6	0.32785237749692	0.343427061765412	0.158431511751936	0.0809197300978001	0.0893693188879318	0	0.654174728792072	0.771131172550135
X508_120515_6	0.626090138711163	0.146460459905941	0.14773088578314	0.0500294795263835	0.0296890360733725	0	0.573665450526929	0.816929671332388
X187_120424_6	0.579309867297889	0.126348629265871	0.138147062834183	0.156194440602057	0	0	0.591321429292258	0.804894084741341
X177_120424_6	0.597518435280337	0.119809739996309	0.109010403084708	0.171920316375625	0.00174110526302181	0	0.522769307311788	0.849807512199324
X335_120501_6	0.526188701685256	0.146758558202264	0.183654099864113	0.0525592605382128	0.0908393797101544	0	0.647275523327564	0.765109728163187
X102_120418_6	0.569373734758643	0.276717932377761	0.0316944035420645	0.0945596144739335	0.0276543148475982	0	0.524971943749904	0.853709550941804
X345_120501_6	0.601423935406369	0.0942688395638318	0.167871896414998	0.0935839274483111	0.0428514011664895	0	0.586127838041419	0.807956709752739
X497_120515_6	0.449493718456781	0.179172923453741	0.304819976230116	0.0630595577434078	0.00345382411595431	0	0.721678676343013	0.693266956178005
X537_120516_6	0.308001316065419	0.271838016060436	0.149633842993089	0.171692803845411	0.0988340210356458	0	0.726552642467732	0.723577975836813
X173_120424_6	0.333870969507915	0.205232308810864	0.221579026830851	0.197973291416381	0.0413444034339882	0	0.659652801457659	0.751054031653515
X132_120419_6	0.540812706766844	0.0861286417702023	0.115089620221342	0.240776293629445	0.0171927376121661	0	0.545176959682621	0.835744872475878
X429_120507_6	0.554785497732348	0.0927642057043226	0.154362760241848	0.151423779944302	0.0466637563771797	0	0.578787984142622	0.813279809156969
X108_120418_6	0.377881824689965	0.208390219340599	0.205723584263014	0.13196290852565	0.0760414631807728	0	0.586244412173273	0.807957726290349
X65_120417_6	0.62097861333777	0.0563071148253034	0.104413984770808	0.218300287066119	0	0	0.447929916029469	0.896388600185603
X258_120426_6	0.505126573556159	0.244998020264477	0.155851647001464	0.0781931015156555	0.0158306576622451	0	0.580358671501476	0.813171619257891
